/*--------------------------------*- C++ -*----------------------------------*\
  =========                 |
  \\      /  F ield         | OpenFOAM: The Open Source CFD Toolbox
   \\    /   O peration     | Website:  https://openfoam.org
    \\  /    A nd           | Version:  9
     \\/     M anipulation  |
\*---------------------------------------------------------------------------*/
FoamFile
{
    format      ascii;
    class       vectorField;
    location    "constant/polyMesh";
    object      points;
}
// * * * * * * * * * * * * * * * * * * * * * * * * * * * * * * * * * * * * * //


4851
(
(0 0 0)
(25 0 0)
(50 0 0)
(75 0 0)
(100 0 0)
(125 0 0)
(150 0 0)
(175 0 0)
(200 0 0)
(225 0 0)
(250 0 0)
(275 0 0)
(300 0 0)
(325 0 0)
(350 0 0)
(375 0 0)
(400 0 0)
(425 0 0)
(450 0 0)
(475 0 0)
(500 0 0)
(0 50 0)
(25 50 0)
(50 50 0)
(75 50 0)
(100 50 0)
(125 50 0)
(150 50 0)
(175 50 0)
(200 50 0)
(225 50 0)
(250 50 0)
(275 50 0)
(300 50 0)
(325 50 0)
(350 50 0)
(375 50 0)
(400 50 0)
(425 50 0)
(450 50 0)
(475 50 0)
(500 50 0)
(0 100 0)
(25 100 0)
(50 100 0)
(75 100 0)
(100 100 0)
(125 100 0)
(150 100 0)
(175 100 0)
(200 100 0)
(225 100 0)
(250 100 0)
(275 100 0)
(300 100 0)
(325 100 0)
(350 100 0)
(375 100 0)
(400 100 0)
(425 100 0)
(450 100 0)
(475 100 0)
(500 100 0)
(0 150 0)
(25 150 0)
(50 150 0)
(75 150 0)
(100 150 0)
(125 150 0)
(150 150 0)
(175 150 0)
(200 150 0)
(225 150 0)
(250 150 0)
(275 150 0)
(300 150 0)
(325 150 0)
(350 150 0)
(375 150 0)
(400 150 0)
(425 150 0)
(450 150 0)
(475 150 0)
(500 150 0)
(0 200 0)
(25 200 0)
(50 200 0)
(75 200 0)
(100 200 0)
(125 200 0)
(150 200 0)
(175 200 0)
(200 200 0)
(225 200 0)
(250 200 0)
(275 200 0)
(300 200 0)
(325 200 0)
(350 200 0)
(375 200 0)
(400 200 0)
(425 200 0)
(450 200 0)
(475 200 0)
(500 200 0)
(0 250 0)
(25 250 0)
(50 250 0)
(75 250 0)
(100 250 0)
(125 250 0)
(150 250 0)
(175 250 0)
(200 250 0)
(225 250 0)
(250 250 0)
(275 250 0)
(300 250 0)
(325 250 0)
(350 250 0)
(375 250 0)
(400 250 0)
(425 250 0)
(450 250 0)
(475 250 0)
(500 250 0)
(0 300 0)
(25 300 0)
(50 300 0)
(75 300 0)
(100 300 0)
(125 300 0)
(150 300 0)
(175 300 0)
(200 300 0)
(225 300 0)
(250 300 0)
(275 300 0)
(300 300 0)
(325 300 0)
(350 300 0)
(375 300 0)
(400 300 0)
(425 300 0)
(450 300 0)
(475 300 0)
(500 300 0)
(0 350 0)
(25 350 0)
(50 350 0)
(75 350 0)
(100 350 0)
(125 350 0)
(150 350 0)
(175 350 0)
(200 350 0)
(225 350 0)
(250 350 0)
(275 350 0)
(300 350 0)
(325 350 0)
(350 350 0)
(375 350 0)
(400 350 0)
(425 350 0)
(450 350 0)
(475 350 0)
(500 350 0)
(0 400 0)
(25 400 0)
(50 400 0)
(75 400 0)
(100 400 0)
(125 400 0)
(150 400 0)
(175 400 0)
(200 400 0)
(225 400 0)
(250 400 0)
(275 400 0)
(300 400 0)
(325 400 0)
(350 400 0)
(375 400 0)
(400 400 0)
(425 400 0)
(450 400 0)
(475 400 0)
(500 400 0)
(0 450 0)
(25 450 0)
(50 450 0)
(75 450 0)
(100 450 0)
(125 450 0)
(150 450 0)
(175 450 0)
(200 450 0)
(225 450 0)
(250 450 0)
(275 450 0)
(300 450 0)
(325 450 0)
(350 450 0)
(375 450 0)
(400 450 0)
(425 450 0)
(450 450 0)
(475 450 0)
(500 450 0)
(0 500 0)
(25 500 0)
(50 500 0)
(75 500 0)
(100 500 0)
(125 500 0)
(150 500 0)
(175 500 0)
(200 500 0)
(225 500 0)
(250 500 0)
(275 500 0)
(300 500 0)
(325 500 0)
(350 500 0)
(375 500 0)
(400 500 0)
(425 500 0)
(450 500 0)
(475 500 0)
(500 500 0)
(0 0 10)
(25 0 10)
(50 0 10)
(75 0 10)
(100 0 10)
(125 0 10)
(150 0 10)
(175 0 10)
(200 0 10)
(225 0 10)
(250 0 10)
(275 0 10)
(300 0 10)
(325 0 10)
(350 0 10)
(375 0 10)
(400 0 10)
(425 0 10)
(450 0 10)
(475 0 10)
(500 0 10)
(0 50 10)
(25 50 10)
(50 50 10)
(75 50 10)
(100 50 10)
(125 50 10)
(150 50 10)
(175 50 10)
(200 50 10)
(225 50 10)
(250 50 10)
(275 50 10)
(300 50 10)
(325 50 10)
(350 50 10)
(375 50 10)
(400 50 10)
(425 50 10)
(450 50 10)
(475 50 10)
(500 50 10)
(0 100 10)
(25 100 10)
(50 100 10)
(75 100 10)
(100 100 10)
(125 100 10)
(150 100 10)
(175 100 10)
(200 100 10)
(225 100 10)
(250 100 10)
(275 100 10)
(300 100 10)
(325 100 10)
(350 100 10)
(375 100 10)
(400 100 10)
(425 100 10)
(450 100 10)
(475 100 10)
(500 100 10)
(0 150 10)
(25 150 10)
(50 150 10)
(75 150 10)
(100 150 10)
(125 150 10)
(150 150 10)
(175 150 10)
(200 150 10)
(225 150 10)
(250 150 10)
(275 150 10)
(300 150 10)
(325 150 10)
(350 150 10)
(375 150 10)
(400 150 10)
(425 150 10)
(450 150 10)
(475 150 10)
(500 150 10)
(0 200 10)
(25 200 10)
(50 200 10)
(75 200 10)
(100 200 10)
(125 200 10)
(150 200 10)
(175 200 10)
(200 200 10)
(225 200 10)
(250 200 10)
(275 200 10)
(300 200 10)
(325 200 10)
(350 200 10)
(375 200 10)
(400 200 10)
(425 200 10)
(450 200 10)
(475 200 10)
(500 200 10)
(0 250 10)
(25 250 10)
(50 250 10)
(75 250 10)
(100 250 10)
(125 250 10)
(150 250 10)
(175 250 10)
(200 250 10)
(225 250 10)
(250 250 10)
(275 250 10)
(300 250 10)
(325 250 10)
(350 250 10)
(375 250 10)
(400 250 10)
(425 250 10)
(450 250 10)
(475 250 10)
(500 250 10)
(0 300 10)
(25 300 10)
(50 300 10)
(75 300 10)
(100 300 10)
(125 300 10)
(150 300 10)
(175 300 10)
(200 300 10)
(225 300 10)
(250 300 10)
(275 300 10)
(300 300 10)
(325 300 10)
(350 300 10)
(375 300 10)
(400 300 10)
(425 300 10)
(450 300 10)
(475 300 10)
(500 300 10)
(0 350 10)
(25 350 10)
(50 350 10)
(75 350 10)
(100 350 10)
(125 350 10)
(150 350 10)
(175 350 10)
(200 350 10)
(225 350 10)
(250 350 10)
(275 350 10)
(300 350 10)
(325 350 10)
(350 350 10)
(375 350 10)
(400 350 10)
(425 350 10)
(450 350 10)
(475 350 10)
(500 350 10)
(0 400 10)
(25 400 10)
(50 400 10)
(75 400 10)
(100 400 10)
(125 400 10)
(150 400 10)
(175 400 10)
(200 400 10)
(225 400 10)
(250 400 10)
(275 400 10)
(300 400 10)
(325 400 10)
(350 400 10)
(375 400 10)
(400 400 10)
(425 400 10)
(450 400 10)
(475 400 10)
(500 400 10)
(0 450 10)
(25 450 10)
(50 450 10)
(75 450 10)
(100 450 10)
(125 450 10)
(150 450 10)
(175 450 10)
(200 450 10)
(225 450 10)
(250 450 10)
(275 450 10)
(300 450 10)
(325 450 10)
(350 450 10)
(375 450 10)
(400 450 10)
(425 450 10)
(450 450 10)
(475 450 10)
(500 450 10)
(0 500 10)
(25 500 10)
(50 500 10)
(75 500 10)
(100 500 10)
(125 500 10)
(150 500 10)
(175 500 10)
(200 500 10)
(225 500 10)
(250 500 10)
(275 500 10)
(300 500 10)
(325 500 10)
(350 500 10)
(375 500 10)
(400 500 10)
(425 500 10)
(450 500 10)
(475 500 10)
(500 500 10)
(0 0 20)
(25 0 20)
(50 0 20)
(75 0 20)
(100 0 20)
(125 0 20)
(150 0 20)
(175 0 20)
(200 0 20)
(225 0 20)
(250 0 20)
(275 0 20)
(300 0 20)
(325 0 20)
(350 0 20)
(375 0 20)
(400 0 20)
(425 0 20)
(450 0 20)
(475 0 20)
(500 0 20)
(0 50 20)
(25 50 20)
(50 50 20)
(75 50 20)
(100 50 20)
(125 50 20)
(150 50 20)
(175 50 20)
(200 50 20)
(225 50 20)
(250 50 20)
(275 50 20)
(300 50 20)
(325 50 20)
(350 50 20)
(375 50 20)
(400 50 20)
(425 50 20)
(450 50 20)
(475 50 20)
(500 50 20)
(0 100 20)
(25 100 20)
(50 100 20)
(75 100 20)
(100 100 20)
(125 100 20)
(150 100 20)
(175 100 20)
(200 100 20)
(225 100 20)
(250 100 20)
(275 100 20)
(300 100 20)
(325 100 20)
(350 100 20)
(375 100 20)
(400 100 20)
(425 100 20)
(450 100 20)
(475 100 20)
(500 100 20)
(0 150 20)
(25 150 20)
(50 150 20)
(75 150 20)
(100 150 20)
(125 150 20)
(150 150 20)
(175 150 20)
(200 150 20)
(225 150 20)
(250 150 20)
(275 150 20)
(300 150 20)
(325 150 20)
(350 150 20)
(375 150 20)
(400 150 20)
(425 150 20)
(450 150 20)
(475 150 20)
(500 150 20)
(0 200 20)
(25 200 20)
(50 200 20)
(75 200 20)
(100 200 20)
(125 200 20)
(150 200 20)
(175 200 20)
(200 200 20)
(225 200 20)
(250 200 20)
(275 200 20)
(300 200 20)
(325 200 20)
(350 200 20)
(375 200 20)
(400 200 20)
(425 200 20)
(450 200 20)
(475 200 20)
(500 200 20)
(0 250 20)
(25 250 20)
(50 250 20)
(75 250 20)
(100 250 20)
(125 250 20)
(150 250 20)
(175 250 20)
(200 250 20)
(225 250 20)
(250 250 20)
(275 250 20)
(300 250 20)
(325 250 20)
(350 250 20)
(375 250 20)
(400 250 20)
(425 250 20)
(450 250 20)
(475 250 20)
(500 250 20)
(0 300 20)
(25 300 20)
(50 300 20)
(75 300 20)
(100 300 20)
(125 300 20)
(150 300 20)
(175 300 20)
(200 300 20)
(225 300 20)
(250 300 20)
(275 300 20)
(300 300 20)
(325 300 20)
(350 300 20)
(375 300 20)
(400 300 20)
(425 300 20)
(450 300 20)
(475 300 20)
(500 300 20)
(0 350 20)
(25 350 20)
(50 350 20)
(75 350 20)
(100 350 20)
(125 350 20)
(150 350 20)
(175 350 20)
(200 350 20)
(225 350 20)
(250 350 20)
(275 350 20)
(300 350 20)
(325 350 20)
(350 350 20)
(375 350 20)
(400 350 20)
(425 350 20)
(450 350 20)
(475 350 20)
(500 350 20)
(0 400 20)
(25 400 20)
(50 400 20)
(75 400 20)
(100 400 20)
(125 400 20)
(150 400 20)
(175 400 20)
(200 400 20)
(225 400 20)
(250 400 20)
(275 400 20)
(300 400 20)
(325 400 20)
(350 400 20)
(375 400 20)
(400 400 20)
(425 400 20)
(450 400 20)
(475 400 20)
(500 400 20)
(0 450 20)
(25 450 20)
(50 450 20)
(75 450 20)
(100 450 20)
(125 450 20)
(150 450 20)
(175 450 20)
(200 450 20)
(225 450 20)
(250 450 20)
(275 450 20)
(300 450 20)
(325 450 20)
(350 450 20)
(375 450 20)
(400 450 20)
(425 450 20)
(450 450 20)
(475 450 20)
(500 450 20)
(0 500 20)
(25 500 20)
(50 500 20)
(75 500 20)
(100 500 20)
(125 500 20)
(150 500 20)
(175 500 20)
(200 500 20)
(225 500 20)
(250 500 20)
(275 500 20)
(300 500 20)
(325 500 20)
(350 500 20)
(375 500 20)
(400 500 20)
(425 500 20)
(450 500 20)
(475 500 20)
(500 500 20)
(0 0 30)
(25 0 30)
(50 0 30)
(75 0 30)
(100 0 30)
(125 0 30)
(150 0 30)
(175 0 30)
(200 0 30)
(225 0 30)
(250 0 30)
(275 0 30)
(300 0 30)
(325 0 30)
(350 0 30)
(375 0 30)
(400 0 30)
(425 0 30)
(450 0 30)
(475 0 30)
(500 0 30)
(0 50 30)
(25 50 30)
(50 50 30)
(75 50 30)
(100 50 30)
(125 50 30)
(150 50 30)
(175 50 30)
(200 50 30)
(225 50 30)
(250 50 30)
(275 50 30)
(300 50 30)
(325 50 30)
(350 50 30)
(375 50 30)
(400 50 30)
(425 50 30)
(450 50 30)
(475 50 30)
(500 50 30)
(0 100 30)
(25 100 30)
(50 100 30)
(75 100 30)
(100 100 30)
(125 100 30)
(150 100 30)
(175 100 30)
(200 100 30)
(225 100 30)
(250 100 30)
(275 100 30)
(300 100 30)
(325 100 30)
(350 100 30)
(375 100 30)
(400 100 30)
(425 100 30)
(450 100 30)
(475 100 30)
(500 100 30)
(0 150 30)
(25 150 30)
(50 150 30)
(75 150 30)
(100 150 30)
(125 150 30)
(150 150 30)
(175 150 30)
(200 150 30)
(225 150 30)
(250 150 30)
(275 150 30)
(300 150 30)
(325 150 30)
(350 150 30)
(375 150 30)
(400 150 30)
(425 150 30)
(450 150 30)
(475 150 30)
(500 150 30)
(0 200 30)
(25 200 30)
(50 200 30)
(75 200 30)
(100 200 30)
(125 200 30)
(150 200 30)
(175 200 30)
(200 200 30)
(225 200 30)
(250 200 30)
(275 200 30)
(300 200 30)
(325 200 30)
(350 200 30)
(375 200 30)
(400 200 30)
(425 200 30)
(450 200 30)
(475 200 30)
(500 200 30)
(0 250 30)
(25 250 30)
(50 250 30)
(75 250 30)
(100 250 30)
(125 250 30)
(150 250 30)
(175 250 30)
(200 250 30)
(225 250 30)
(250 250 30)
(275 250 30)
(300 250 30)
(325 250 30)
(350 250 30)
(375 250 30)
(400 250 30)
(425 250 30)
(450 250 30)
(475 250 30)
(500 250 30)
(0 300 30)
(25 300 30)
(50 300 30)
(75 300 30)
(100 300 30)
(125 300 30)
(150 300 30)
(175 300 30)
(200 300 30)
(225 300 30)
(250 300 30)
(275 300 30)
(300 300 30)
(325 300 30)
(350 300 30)
(375 300 30)
(400 300 30)
(425 300 30)
(450 300 30)
(475 300 30)
(500 300 30)
(0 350 30)
(25 350 30)
(50 350 30)
(75 350 30)
(100 350 30)
(125 350 30)
(150 350 30)
(175 350 30)
(200 350 30)
(225 350 30)
(250 350 30)
(275 350 30)
(300 350 30)
(325 350 30)
(350 350 30)
(375 350 30)
(400 350 30)
(425 350 30)
(450 350 30)
(475 350 30)
(500 350 30)
(0 400 30)
(25 400 30)
(50 400 30)
(75 400 30)
(100 400 30)
(125 400 30)
(150 400 30)
(175 400 30)
(200 400 30)
(225 400 30)
(250 400 30)
(275 400 30)
(300 400 30)
(325 400 30)
(350 400 30)
(375 400 30)
(400 400 30)
(425 400 30)
(450 400 30)
(475 400 30)
(500 400 30)
(0 450 30)
(25 450 30)
(50 450 30)
(75 450 30)
(100 450 30)
(125 450 30)
(150 450 30)
(175 450 30)
(200 450 30)
(225 450 30)
(250 450 30)
(275 450 30)
(300 450 30)
(325 450 30)
(350 450 30)
(375 450 30)
(400 450 30)
(425 450 30)
(450 450 30)
(475 450 30)
(500 450 30)
(0 500 30)
(25 500 30)
(50 500 30)
(75 500 30)
(100 500 30)
(125 500 30)
(150 500 30)
(175 500 30)
(200 500 30)
(225 500 30)
(250 500 30)
(275 500 30)
(300 500 30)
(325 500 30)
(350 500 30)
(375 500 30)
(400 500 30)
(425 500 30)
(450 500 30)
(475 500 30)
(500 500 30)
(0 0 40)
(25 0 40)
(50 0 40)
(75 0 40)
(100 0 40)
(125 0 40)
(150 0 40)
(175 0 40)
(200 0 40)
(225 0 40)
(250 0 40)
(275 0 40)
(300 0 40)
(325 0 40)
(350 0 40)
(375 0 40)
(400 0 40)
(425 0 40)
(450 0 40)
(475 0 40)
(500 0 40)
(0 50 40)
(25 50 40)
(50 50 40)
(75 50 40)
(100 50 40)
(125 50 40)
(150 50 40)
(175 50 40)
(200 50 40)
(225 50 40)
(250 50 40)
(275 50 40)
(300 50 40)
(325 50 40)
(350 50 40)
(375 50 40)
(400 50 40)
(425 50 40)
(450 50 40)
(475 50 40)
(500 50 40)
(0 100 40)
(25 100 40)
(50 100 40)
(75 100 40)
(100 100 40)
(125 100 40)
(150 100 40)
(175 100 40)
(200 100 40)
(225 100 40)
(250 100 40)
(275 100 40)
(300 100 40)
(325 100 40)
(350 100 40)
(375 100 40)
(400 100 40)
(425 100 40)
(450 100 40)
(475 100 40)
(500 100 40)
(0 150 40)
(25 150 40)
(50 150 40)
(75 150 40)
(100 150 40)
(125 150 40)
(150 150 40)
(175 150 40)
(200 150 40)
(225 150 40)
(250 150 40)
(275 150 40)
(300 150 40)
(325 150 40)
(350 150 40)
(375 150 40)
(400 150 40)
(425 150 40)
(450 150 40)
(475 150 40)
(500 150 40)
(0 200 40)
(25 200 40)
(50 200 40)
(75 200 40)
(100 200 40)
(125 200 40)
(150 200 40)
(175 200 40)
(200 200 40)
(225 200 40)
(250 200 40)
(275 200 40)
(300 200 40)
(325 200 40)
(350 200 40)
(375 200 40)
(400 200 40)
(425 200 40)
(450 200 40)
(475 200 40)
(500 200 40)
(0 250 40)
(25 250 40)
(50 250 40)
(75 250 40)
(100 250 40)
(125 250 40)
(150 250 40)
(175 250 40)
(200 250 40)
(225 250 40)
(250 250 40)
(275 250 40)
(300 250 40)
(325 250 40)
(350 250 40)
(375 250 40)
(400 250 40)
(425 250 40)
(450 250 40)
(475 250 40)
(500 250 40)
(0 300 40)
(25 300 40)
(50 300 40)
(75 300 40)
(100 300 40)
(125 300 40)
(150 300 40)
(175 300 40)
(200 300 40)
(225 300 40)
(250 300 40)
(275 300 40)
(300 300 40)
(325 300 40)
(350 300 40)
(375 300 40)
(400 300 40)
(425 300 40)
(450 300 40)
(475 300 40)
(500 300 40)
(0 350 40)
(25 350 40)
(50 350 40)
(75 350 40)
(100 350 40)
(125 350 40)
(150 350 40)
(175 350 40)
(200 350 40)
(225 350 40)
(250 350 40)
(275 350 40)
(300 350 40)
(325 350 40)
(350 350 40)
(375 350 40)
(400 350 40)
(425 350 40)
(450 350 40)
(475 350 40)
(500 350 40)
(0 400 40)
(25 400 40)
(50 400 40)
(75 400 40)
(100 400 40)
(125 400 40)
(150 400 40)
(175 400 40)
(200 400 40)
(225 400 40)
(250 400 40)
(275 400 40)
(300 400 40)
(325 400 40)
(350 400 40)
(375 400 40)
(400 400 40)
(425 400 40)
(450 400 40)
(475 400 40)
(500 400 40)
(0 450 40)
(25 450 40)
(50 450 40)
(75 450 40)
(100 450 40)
(125 450 40)
(150 450 40)
(175 450 40)
(200 450 40)
(225 450 40)
(250 450 40)
(275 450 40)
(300 450 40)
(325 450 40)
(350 450 40)
(375 450 40)
(400 450 40)
(425 450 40)
(450 450 40)
(475 450 40)
(500 450 40)
(0 500 40)
(25 500 40)
(50 500 40)
(75 500 40)
(100 500 40)
(125 500 40)
(150 500 40)
(175 500 40)
(200 500 40)
(225 500 40)
(250 500 40)
(275 500 40)
(300 500 40)
(325 500 40)
(350 500 40)
(375 500 40)
(400 500 40)
(425 500 40)
(450 500 40)
(475 500 40)
(500 500 40)
(0 0 50)
(25 0 50)
(50 0 50)
(75 0 50)
(100 0 50)
(125 0 50)
(150 0 50)
(175 0 50)
(200 0 50)
(225 0 50)
(250 0 50)
(275 0 50)
(300 0 50)
(325 0 50)
(350 0 50)
(375 0 50)
(400 0 50)
(425 0 50)
(450 0 50)
(475 0 50)
(500 0 50)
(0 50 50)
(25 50 50)
(50 50 50)
(75 50 50)
(100 50 50)
(125 50 50)
(150 50 50)
(175 50 50)
(200 50 50)
(225 50 50)
(250 50 50)
(275 50 50)
(300 50 50)
(325 50 50)
(350 50 50)
(375 50 50)
(400 50 50)
(425 50 50)
(450 50 50)
(475 50 50)
(500 50 50)
(0 100 50)
(25 100 50)
(50 100 50)
(75 100 50)
(100 100 50)
(125 100 50)
(150 100 50)
(175 100 50)
(200 100 50)
(225 100 50)
(250 100 50)
(275 100 50)
(300 100 50)
(325 100 50)
(350 100 50)
(375 100 50)
(400 100 50)
(425 100 50)
(450 100 50)
(475 100 50)
(500 100 50)
(0 150 50)
(25 150 50)
(50 150 50)
(75 150 50)
(100 150 50)
(125 150 50)
(150 150 50)
(175 150 50)
(200 150 50)
(225 150 50)
(250 150 50)
(275 150 50)
(300 150 50)
(325 150 50)
(350 150 50)
(375 150 50)
(400 150 50)
(425 150 50)
(450 150 50)
(475 150 50)
(500 150 50)
(0 200 50)
(25 200 50)
(50 200 50)
(75 200 50)
(100 200 50)
(125 200 50)
(150 200 50)
(175 200 50)
(200 200 50)
(225 200 50)
(250 200 50)
(275 200 50)
(300 200 50)
(325 200 50)
(350 200 50)
(375 200 50)
(400 200 50)
(425 200 50)
(450 200 50)
(475 200 50)
(500 200 50)
(0 250 50)
(25 250 50)
(50 250 50)
(75 250 50)
(100 250 50)
(125 250 50)
(150 250 50)
(175 250 50)
(200 250 50)
(225 250 50)
(250 250 50)
(275 250 50)
(300 250 50)
(325 250 50)
(350 250 50)
(375 250 50)
(400 250 50)
(425 250 50)
(450 250 50)
(475 250 50)
(500 250 50)
(0 300 50)
(25 300 50)
(50 300 50)
(75 300 50)
(100 300 50)
(125 300 50)
(150 300 50)
(175 300 50)
(200 300 50)
(225 300 50)
(250 300 50)
(275 300 50)
(300 300 50)
(325 300 50)
(350 300 50)
(375 300 50)
(400 300 50)
(425 300 50)
(450 300 50)
(475 300 50)
(500 300 50)
(0 350 50)
(25 350 50)
(50 350 50)
(75 350 50)
(100 350 50)
(125 350 50)
(150 350 50)
(175 350 50)
(200 350 50)
(225 350 50)
(250 350 50)
(275 350 50)
(300 350 50)
(325 350 50)
(350 350 50)
(375 350 50)
(400 350 50)
(425 350 50)
(450 350 50)
(475 350 50)
(500 350 50)
(0 400 50)
(25 400 50)
(50 400 50)
(75 400 50)
(100 400 50)
(125 400 50)
(150 400 50)
(175 400 50)
(200 400 50)
(225 400 50)
(250 400 50)
(275 400 50)
(300 400 50)
(325 400 50)
(350 400 50)
(375 400 50)
(400 400 50)
(425 400 50)
(450 400 50)
(475 400 50)
(500 400 50)
(0 450 50)
(25 450 50)
(50 450 50)
(75 450 50)
(100 450 50)
(125 450 50)
(150 450 50)
(175 450 50)
(200 450 50)
(225 450 50)
(250 450 50)
(275 450 50)
(300 450 50)
(325 450 50)
(350 450 50)
(375 450 50)
(400 450 50)
(425 450 50)
(450 450 50)
(475 450 50)
(500 450 50)
(0 500 50)
(25 500 50)
(50 500 50)
(75 500 50)
(100 500 50)
(125 500 50)
(150 500 50)
(175 500 50)
(200 500 50)
(225 500 50)
(250 500 50)
(275 500 50)
(300 500 50)
(325 500 50)
(350 500 50)
(375 500 50)
(400 500 50)
(425 500 50)
(450 500 50)
(475 500 50)
(500 500 50)
(0 0 60)
(25 0 60)
(50 0 60)
(75 0 60)
(100 0 60)
(125 0 60)
(150 0 60)
(175 0 60)
(200 0 60)
(225 0 60)
(250 0 60)
(275 0 60)
(300 0 60)
(325 0 60)
(350 0 60)
(375 0 60)
(400 0 60)
(425 0 60)
(450 0 60)
(475 0 60)
(500 0 60)
(0 50 60)
(25 50 60)
(50 50 60)
(75 50 60)
(100 50 60)
(125 50 60)
(150 50 60)
(175 50 60)
(200 50 60)
(225 50 60)
(250 50 60)
(275 50 60)
(300 50 60)
(325 50 60)
(350 50 60)
(375 50 60)
(400 50 60)
(425 50 60)
(450 50 60)
(475 50 60)
(500 50 60)
(0 100 60)
(25 100 60)
(50 100 60)
(75 100 60)
(100 100 60)
(125 100 60)
(150 100 60)
(175 100 60)
(200 100 60)
(225 100 60)
(250 100 60)
(275 100 60)
(300 100 60)
(325 100 60)
(350 100 60)
(375 100 60)
(400 100 60)
(425 100 60)
(450 100 60)
(475 100 60)
(500 100 60)
(0 150 60)
(25 150 60)
(50 150 60)
(75 150 60)
(100 150 60)
(125 150 60)
(150 150 60)
(175 150 60)
(200 150 60)
(225 150 60)
(250 150 60)
(275 150 60)
(300 150 60)
(325 150 60)
(350 150 60)
(375 150 60)
(400 150 60)
(425 150 60)
(450 150 60)
(475 150 60)
(500 150 60)
(0 200 60)
(25 200 60)
(50 200 60)
(75 200 60)
(100 200 60)
(125 200 60)
(150 200 60)
(175 200 60)
(200 200 60)
(225 200 60)
(250 200 60)
(275 200 60)
(300 200 60)
(325 200 60)
(350 200 60)
(375 200 60)
(400 200 60)
(425 200 60)
(450 200 60)
(475 200 60)
(500 200 60)
(0 250 60)
(25 250 60)
(50 250 60)
(75 250 60)
(100 250 60)
(125 250 60)
(150 250 60)
(175 250 60)
(200 250 60)
(225 250 60)
(250 250 60)
(275 250 60)
(300 250 60)
(325 250 60)
(350 250 60)
(375 250 60)
(400 250 60)
(425 250 60)
(450 250 60)
(475 250 60)
(500 250 60)
(0 300 60)
(25 300 60)
(50 300 60)
(75 300 60)
(100 300 60)
(125 300 60)
(150 300 60)
(175 300 60)
(200 300 60)
(225 300 60)
(250 300 60)
(275 300 60)
(300 300 60)
(325 300 60)
(350 300 60)
(375 300 60)
(400 300 60)
(425 300 60)
(450 300 60)
(475 300 60)
(500 300 60)
(0 350 60)
(25 350 60)
(50 350 60)
(75 350 60)
(100 350 60)
(125 350 60)
(150 350 60)
(175 350 60)
(200 350 60)
(225 350 60)
(250 350 60)
(275 350 60)
(300 350 60)
(325 350 60)
(350 350 60)
(375 350 60)
(400 350 60)
(425 350 60)
(450 350 60)
(475 350 60)
(500 350 60)
(0 400 60)
(25 400 60)
(50 400 60)
(75 400 60)
(100 400 60)
(125 400 60)
(150 400 60)
(175 400 60)
(200 400 60)
(225 400 60)
(250 400 60)
(275 400 60)
(300 400 60)
(325 400 60)
(350 400 60)
(375 400 60)
(400 400 60)
(425 400 60)
(450 400 60)
(475 400 60)
(500 400 60)
(0 450 60)
(25 450 60)
(50 450 60)
(75 450 60)
(100 450 60)
(125 450 60)
(150 450 60)
(175 450 60)
(200 450 60)
(225 450 60)
(250 450 60)
(275 450 60)
(300 450 60)
(325 450 60)
(350 450 60)
(375 450 60)
(400 450 60)
(425 450 60)
(450 450 60)
(475 450 60)
(500 450 60)
(0 500 60)
(25 500 60)
(50 500 60)
(75 500 60)
(100 500 60)
(125 500 60)
(150 500 60)
(175 500 60)
(200 500 60)
(225 500 60)
(250 500 60)
(275 500 60)
(300 500 60)
(325 500 60)
(350 500 60)
(375 500 60)
(400 500 60)
(425 500 60)
(450 500 60)
(475 500 60)
(500 500 60)
(0 0 70)
(25 0 70)
(50 0 70)
(75 0 70)
(100 0 70)
(125 0 70)
(150 0 70)
(175 0 70)
(200 0 70)
(225 0 70)
(250 0 70)
(275 0 70)
(300 0 70)
(325 0 70)
(350 0 70)
(375 0 70)
(400 0 70)
(425 0 70)
(450 0 70)
(475 0 70)
(500 0 70)
(0 50 70)
(25 50 70)
(50 50 70)
(75 50 70)
(100 50 70)
(125 50 70)
(150 50 70)
(175 50 70)
(200 50 70)
(225 50 70)
(250 50 70)
(275 50 70)
(300 50 70)
(325 50 70)
(350 50 70)
(375 50 70)
(400 50 70)
(425 50 70)
(450 50 70)
(475 50 70)
(500 50 70)
(0 100 70)
(25 100 70)
(50 100 70)
(75 100 70)
(100 100 70)
(125 100 70)
(150 100 70)
(175 100 70)
(200 100 70)
(225 100 70)
(250 100 70)
(275 100 70)
(300 100 70)
(325 100 70)
(350 100 70)
(375 100 70)
(400 100 70)
(425 100 70)
(450 100 70)
(475 100 70)
(500 100 70)
(0 150 70)
(25 150 70)
(50 150 70)
(75 150 70)
(100 150 70)
(125 150 70)
(150 150 70)
(175 150 70)
(200 150 70)
(225 150 70)
(250 150 70)
(275 150 70)
(300 150 70)
(325 150 70)
(350 150 70)
(375 150 70)
(400 150 70)
(425 150 70)
(450 150 70)
(475 150 70)
(500 150 70)
(0 200 70)
(25 200 70)
(50 200 70)
(75 200 70)
(100 200 70)
(125 200 70)
(150 200 70)
(175 200 70)
(200 200 70)
(225 200 70)
(250 200 70)
(275 200 70)
(300 200 70)
(325 200 70)
(350 200 70)
(375 200 70)
(400 200 70)
(425 200 70)
(450 200 70)
(475 200 70)
(500 200 70)
(0 250 70)
(25 250 70)
(50 250 70)
(75 250 70)
(100 250 70)
(125 250 70)
(150 250 70)
(175 250 70)
(200 250 70)
(225 250 70)
(250 250 70)
(275 250 70)
(300 250 70)
(325 250 70)
(350 250 70)
(375 250 70)
(400 250 70)
(425 250 70)
(450 250 70)
(475 250 70)
(500 250 70)
(0 300 70)
(25 300 70)
(50 300 70)
(75 300 70)
(100 300 70)
(125 300 70)
(150 300 70)
(175 300 70)
(200 300 70)
(225 300 70)
(250 300 70)
(275 300 70)
(300 300 70)
(325 300 70)
(350 300 70)
(375 300 70)
(400 300 70)
(425 300 70)
(450 300 70)
(475 300 70)
(500 300 70)
(0 350 70)
(25 350 70)
(50 350 70)
(75 350 70)
(100 350 70)
(125 350 70)
(150 350 70)
(175 350 70)
(200 350 70)
(225 350 70)
(250 350 70)
(275 350 70)
(300 350 70)
(325 350 70)
(350 350 70)
(375 350 70)
(400 350 70)
(425 350 70)
(450 350 70)
(475 350 70)
(500 350 70)
(0 400 70)
(25 400 70)
(50 400 70)
(75 400 70)
(100 400 70)
(125 400 70)
(150 400 70)
(175 400 70)
(200 400 70)
(225 400 70)
(250 400 70)
(275 400 70)
(300 400 70)
(325 400 70)
(350 400 70)
(375 400 70)
(400 400 70)
(425 400 70)
(450 400 70)
(475 400 70)
(500 400 70)
(0 450 70)
(25 450 70)
(50 450 70)
(75 450 70)
(100 450 70)
(125 450 70)
(150 450 70)
(175 450 70)
(200 450 70)
(225 450 70)
(250 450 70)
(275 450 70)
(300 450 70)
(325 450 70)
(350 450 70)
(375 450 70)
(400 450 70)
(425 450 70)
(450 450 70)
(475 450 70)
(500 450 70)
(0 500 70)
(25 500 70)
(50 500 70)
(75 500 70)
(100 500 70)
(125 500 70)
(150 500 70)
(175 500 70)
(200 500 70)
(225 500 70)
(250 500 70)
(275 500 70)
(300 500 70)
(325 500 70)
(350 500 70)
(375 500 70)
(400 500 70)
(425 500 70)
(450 500 70)
(475 500 70)
(500 500 70)
(0 0 80)
(25 0 80)
(50 0 80)
(75 0 80)
(100 0 80)
(125 0 80)
(150 0 80)
(175 0 80)
(200 0 80)
(225 0 80)
(250 0 80)
(275 0 80)
(300 0 80)
(325 0 80)
(350 0 80)
(375 0 80)
(400 0 80)
(425 0 80)
(450 0 80)
(475 0 80)
(500 0 80)
(0 50 80)
(25 50 80)
(50 50 80)
(75 50 80)
(100 50 80)
(125 50 80)
(150 50 80)
(175 50 80)
(200 50 80)
(225 50 80)
(250 50 80)
(275 50 80)
(300 50 80)
(325 50 80)
(350 50 80)
(375 50 80)
(400 50 80)
(425 50 80)
(450 50 80)
(475 50 80)
(500 50 80)
(0 100 80)
(25 100 80)
(50 100 80)
(75 100 80)
(100 100 80)
(125 100 80)
(150 100 80)
(175 100 80)
(200 100 80)
(225 100 80)
(250 100 80)
(275 100 80)
(300 100 80)
(325 100 80)
(350 100 80)
(375 100 80)
(400 100 80)
(425 100 80)
(450 100 80)
(475 100 80)
(500 100 80)
(0 150 80)
(25 150 80)
(50 150 80)
(75 150 80)
(100 150 80)
(125 150 80)
(150 150 80)
(175 150 80)
(200 150 80)
(225 150 80)
(250 150 80)
(275 150 80)
(300 150 80)
(325 150 80)
(350 150 80)
(375 150 80)
(400 150 80)
(425 150 80)
(450 150 80)
(475 150 80)
(500 150 80)
(0 200 80)
(25 200 80)
(50 200 80)
(75 200 80)
(100 200 80)
(125 200 80)
(150 200 80)
(175 200 80)
(200 200 80)
(225 200 80)
(250 200 80)
(275 200 80)
(300 200 80)
(325 200 80)
(350 200 80)
(375 200 80)
(400 200 80)
(425 200 80)
(450 200 80)
(475 200 80)
(500 200 80)
(0 250 80)
(25 250 80)
(50 250 80)
(75 250 80)
(100 250 80)
(125 250 80)
(150 250 80)
(175 250 80)
(200 250 80)
(225 250 80)
(250 250 80)
(275 250 80)
(300 250 80)
(325 250 80)
(350 250 80)
(375 250 80)
(400 250 80)
(425 250 80)
(450 250 80)
(475 250 80)
(500 250 80)
(0 300 80)
(25 300 80)
(50 300 80)
(75 300 80)
(100 300 80)
(125 300 80)
(150 300 80)
(175 300 80)
(200 300 80)
(225 300 80)
(250 300 80)
(275 300 80)
(300 300 80)
(325 300 80)
(350 300 80)
(375 300 80)
(400 300 80)
(425 300 80)
(450 300 80)
(475 300 80)
(500 300 80)
(0 350 80)
(25 350 80)
(50 350 80)
(75 350 80)
(100 350 80)
(125 350 80)
(150 350 80)
(175 350 80)
(200 350 80)
(225 350 80)
(250 350 80)
(275 350 80)
(300 350 80)
(325 350 80)
(350 350 80)
(375 350 80)
(400 350 80)
(425 350 80)
(450 350 80)
(475 350 80)
(500 350 80)
(0 400 80)
(25 400 80)
(50 400 80)
(75 400 80)
(100 400 80)
(125 400 80)
(150 400 80)
(175 400 80)
(200 400 80)
(225 400 80)
(250 400 80)
(275 400 80)
(300 400 80)
(325 400 80)
(350 400 80)
(375 400 80)
(400 400 80)
(425 400 80)
(450 400 80)
(475 400 80)
(500 400 80)
(0 450 80)
(25 450 80)
(50 450 80)
(75 450 80)
(100 450 80)
(125 450 80)
(150 450 80)
(175 450 80)
(200 450 80)
(225 450 80)
(250 450 80)
(275 450 80)
(300 450 80)
(325 450 80)
(350 450 80)
(375 450 80)
(400 450 80)
(425 450 80)
(450 450 80)
(475 450 80)
(500 450 80)
(0 500 80)
(25 500 80)
(50 500 80)
(75 500 80)
(100 500 80)
(125 500 80)
(150 500 80)
(175 500 80)
(200 500 80)
(225 500 80)
(250 500 80)
(275 500 80)
(300 500 80)
(325 500 80)
(350 500 80)
(375 500 80)
(400 500 80)
(425 500 80)
(450 500 80)
(475 500 80)
(500 500 80)
(0 0 90)
(25 0 90)
(50 0 90)
(75 0 90)
(100 0 90)
(125 0 90)
(150 0 90)
(175 0 90)
(200 0 90)
(225 0 90)
(250 0 90)
(275 0 90)
(300 0 90)
(325 0 90)
(350 0 90)
(375 0 90)
(400 0 90)
(425 0 90)
(450 0 90)
(475 0 90)
(500 0 90)
(0 50 90)
(25 50 90)
(50 50 90)
(75 50 90)
(100 50 90)
(125 50 90)
(150 50 90)
(175 50 90)
(200 50 90)
(225 50 90)
(250 50 90)
(275 50 90)
(300 50 90)
(325 50 90)
(350 50 90)
(375 50 90)
(400 50 90)
(425 50 90)
(450 50 90)
(475 50 90)
(500 50 90)
(0 100 90)
(25 100 90)
(50 100 90)
(75 100 90)
(100 100 90)
(125 100 90)
(150 100 90)
(175 100 90)
(200 100 90)
(225 100 90)
(250 100 90)
(275 100 90)
(300 100 90)
(325 100 90)
(350 100 90)
(375 100 90)
(400 100 90)
(425 100 90)
(450 100 90)
(475 100 90)
(500 100 90)
(0 150 90)
(25 150 90)
(50 150 90)
(75 150 90)
(100 150 90)
(125 150 90)
(150 150 90)
(175 150 90)
(200 150 90)
(225 150 90)
(250 150 90)
(275 150 90)
(300 150 90)
(325 150 90)
(350 150 90)
(375 150 90)
(400 150 90)
(425 150 90)
(450 150 90)
(475 150 90)
(500 150 90)
(0 200 90)
(25 200 90)
(50 200 90)
(75 200 90)
(100 200 90)
(125 200 90)
(150 200 90)
(175 200 90)
(200 200 90)
(225 200 90)
(250 200 90)
(275 200 90)
(300 200 90)
(325 200 90)
(350 200 90)
(375 200 90)
(400 200 90)
(425 200 90)
(450 200 90)
(475 200 90)
(500 200 90)
(0 250 90)
(25 250 90)
(50 250 90)
(75 250 90)
(100 250 90)
(125 250 90)
(150 250 90)
(175 250 90)
(200 250 90)
(225 250 90)
(250 250 90)
(275 250 90)
(300 250 90)
(325 250 90)
(350 250 90)
(375 250 90)
(400 250 90)
(425 250 90)
(450 250 90)
(475 250 90)
(500 250 90)
(0 300 90)
(25 300 90)
(50 300 90)
(75 300 90)
(100 300 90)
(125 300 90)
(150 300 90)
(175 300 90)
(200 300 90)
(225 300 90)
(250 300 90)
(275 300 90)
(300 300 90)
(325 300 90)
(350 300 90)
(375 300 90)
(400 300 90)
(425 300 90)
(450 300 90)
(475 300 90)
(500 300 90)
(0 350 90)
(25 350 90)
(50 350 90)
(75 350 90)
(100 350 90)
(125 350 90)
(150 350 90)
(175 350 90)
(200 350 90)
(225 350 90)
(250 350 90)
(275 350 90)
(300 350 90)
(325 350 90)
(350 350 90)
(375 350 90)
(400 350 90)
(425 350 90)
(450 350 90)
(475 350 90)
(500 350 90)
(0 400 90)
(25 400 90)
(50 400 90)
(75 400 90)
(100 400 90)
(125 400 90)
(150 400 90)
(175 400 90)
(200 400 90)
(225 400 90)
(250 400 90)
(275 400 90)
(300 400 90)
(325 400 90)
(350 400 90)
(375 400 90)
(400 400 90)
(425 400 90)
(450 400 90)
(475 400 90)
(500 400 90)
(0 450 90)
(25 450 90)
(50 450 90)
(75 450 90)
(100 450 90)
(125 450 90)
(150 450 90)
(175 450 90)
(200 450 90)
(225 450 90)
(250 450 90)
(275 450 90)
(300 450 90)
(325 450 90)
(350 450 90)
(375 450 90)
(400 450 90)
(425 450 90)
(450 450 90)
(475 450 90)
(500 450 90)
(0 500 90)
(25 500 90)
(50 500 90)
(75 500 90)
(100 500 90)
(125 500 90)
(150 500 90)
(175 500 90)
(200 500 90)
(225 500 90)
(250 500 90)
(275 500 90)
(300 500 90)
(325 500 90)
(350 500 90)
(375 500 90)
(400 500 90)
(425 500 90)
(450 500 90)
(475 500 90)
(500 500 90)
(0 0 100)
(25 0 100)
(50 0 100)
(75 0 100)
(100 0 100)
(125 0 100)
(150 0 100)
(175 0 100)
(200 0 100)
(225 0 100)
(250 0 100)
(275 0 100)
(300 0 100)
(325 0 100)
(350 0 100)
(375 0 100)
(400 0 100)
(425 0 100)
(450 0 100)
(475 0 100)
(500 0 100)
(0 50 100)
(25 50 100)
(50 50 100)
(75 50 100)
(100 50 100)
(125 50 100)
(150 50 100)
(175 50 100)
(200 50 100)
(225 50 100)
(250 50 100)
(275 50 100)
(300 50 100)
(325 50 100)
(350 50 100)
(375 50 100)
(400 50 100)
(425 50 100)
(450 50 100)
(475 50 100)
(500 50 100)
(0 100 100)
(25 100 100)
(50 100 100)
(75 100 100)
(100 100 100)
(125 100 100)
(150 100 100)
(175 100 100)
(200 100 100)
(225 100 100)
(250 100 100)
(275 100 100)
(300 100 100)
(325 100 100)
(350 100 100)
(375 100 100)
(400 100 100)
(425 100 100)
(450 100 100)
(475 100 100)
(500 100 100)
(0 150 100)
(25 150 100)
(50 150 100)
(75 150 100)
(100 150 100)
(125 150 100)
(150 150 100)
(175 150 100)
(200 150 100)
(225 150 100)
(250 150 100)
(275 150 100)
(300 150 100)
(325 150 100)
(350 150 100)
(375 150 100)
(400 150 100)
(425 150 100)
(450 150 100)
(475 150 100)
(500 150 100)
(0 200 100)
(25 200 100)
(50 200 100)
(75 200 100)
(100 200 100)
(125 200 100)
(150 200 100)
(175 200 100)
(200 200 100)
(225 200 100)
(250 200 100)
(275 200 100)
(300 200 100)
(325 200 100)
(350 200 100)
(375 200 100)
(400 200 100)
(425 200 100)
(450 200 100)
(475 200 100)
(500 200 100)
(0 250 100)
(25 250 100)
(50 250 100)
(75 250 100)
(100 250 100)
(125 250 100)
(150 250 100)
(175 250 100)
(200 250 100)
(225 250 100)
(250 250 100)
(275 250 100)
(300 250 100)
(325 250 100)
(350 250 100)
(375 250 100)
(400 250 100)
(425 250 100)
(450 250 100)
(475 250 100)
(500 250 100)
(0 300 100)
(25 300 100)
(50 300 100)
(75 300 100)
(100 300 100)
(125 300 100)
(150 300 100)
(175 300 100)
(200 300 100)
(225 300 100)
(250 300 100)
(275 300 100)
(300 300 100)
(325 300 100)
(350 300 100)
(375 300 100)
(400 300 100)
(425 300 100)
(450 300 100)
(475 300 100)
(500 300 100)
(0 350 100)
(25 350 100)
(50 350 100)
(75 350 100)
(100 350 100)
(125 350 100)
(150 350 100)
(175 350 100)
(200 350 100)
(225 350 100)
(250 350 100)
(275 350 100)
(300 350 100)
(325 350 100)
(350 350 100)
(375 350 100)
(400 350 100)
(425 350 100)
(450 350 100)
(475 350 100)
(500 350 100)
(0 400 100)
(25 400 100)
(50 400 100)
(75 400 100)
(100 400 100)
(125 400 100)
(150 400 100)
(175 400 100)
(200 400 100)
(225 400 100)
(250 400 100)
(275 400 100)
(300 400 100)
(325 400 100)
(350 400 100)
(375 400 100)
(400 400 100)
(425 400 100)
(450 400 100)
(475 400 100)
(500 400 100)
(0 450 100)
(25 450 100)
(50 450 100)
(75 450 100)
(100 450 100)
(125 450 100)
(150 450 100)
(175 450 100)
(200 450 100)
(225 450 100)
(250 450 100)
(275 450 100)
(300 450 100)
(325 450 100)
(350 450 100)
(375 450 100)
(400 450 100)
(425 450 100)
(450 450 100)
(475 450 100)
(500 450 100)
(0 500 100)
(25 500 100)
(50 500 100)
(75 500 100)
(100 500 100)
(125 500 100)
(150 500 100)
(175 500 100)
(200 500 100)
(225 500 100)
(250 500 100)
(275 500 100)
(300 500 100)
(325 500 100)
(350 500 100)
(375 500 100)
(400 500 100)
(425 500 100)
(450 500 100)
(475 500 100)
(500 500 100)
(0 0 110)
(25 0 110)
(50 0 110)
(75 0 110)
(100 0 110)
(125 0 110)
(150 0 110)
(175 0 110)
(200 0 110)
(225 0 110)
(250 0 110)
(275 0 110)
(300 0 110)
(325 0 110)
(350 0 110)
(375 0 110)
(400 0 110)
(425 0 110)
(450 0 110)
(475 0 110)
(500 0 110)
(0 50 110)
(25 50 110)
(50 50 110)
(75 50 110)
(100 50 110)
(125 50 110)
(150 50 110)
(175 50 110)
(200 50 110)
(225 50 110)
(250 50 110)
(275 50 110)
(300 50 110)
(325 50 110)
(350 50 110)
(375 50 110)
(400 50 110)
(425 50 110)
(450 50 110)
(475 50 110)
(500 50 110)
(0 100 110)
(25 100 110)
(50 100 110)
(75 100 110)
(100 100 110)
(125 100 110)
(150 100 110)
(175 100 110)
(200 100 110)
(225 100 110)
(250 100 110)
(275 100 110)
(300 100 110)
(325 100 110)
(350 100 110)
(375 100 110)
(400 100 110)
(425 100 110)
(450 100 110)
(475 100 110)
(500 100 110)
(0 150 110)
(25 150 110)
(50 150 110)
(75 150 110)
(100 150 110)
(125 150 110)
(150 150 110)
(175 150 110)
(200 150 110)
(225 150 110)
(250 150 110)
(275 150 110)
(300 150 110)
(325 150 110)
(350 150 110)
(375 150 110)
(400 150 110)
(425 150 110)
(450 150 110)
(475 150 110)
(500 150 110)
(0 200 110)
(25 200 110)
(50 200 110)
(75 200 110)
(100 200 110)
(125 200 110)
(150 200 110)
(175 200 110)
(200 200 110)
(225 200 110)
(250 200 110)
(275 200 110)
(300 200 110)
(325 200 110)
(350 200 110)
(375 200 110)
(400 200 110)
(425 200 110)
(450 200 110)
(475 200 110)
(500 200 110)
(0 250 110)
(25 250 110)
(50 250 110)
(75 250 110)
(100 250 110)
(125 250 110)
(150 250 110)
(175 250 110)
(200 250 110)
(225 250 110)
(250 250 110)
(275 250 110)
(300 250 110)
(325 250 110)
(350 250 110)
(375 250 110)
(400 250 110)
(425 250 110)
(450 250 110)
(475 250 110)
(500 250 110)
(0 300 110)
(25 300 110)
(50 300 110)
(75 300 110)
(100 300 110)
(125 300 110)
(150 300 110)
(175 300 110)
(200 300 110)
(225 300 110)
(250 300 110)
(275 300 110)
(300 300 110)
(325 300 110)
(350 300 110)
(375 300 110)
(400 300 110)
(425 300 110)
(450 300 110)
(475 300 110)
(500 300 110)
(0 350 110)
(25 350 110)
(50 350 110)
(75 350 110)
(100 350 110)
(125 350 110)
(150 350 110)
(175 350 110)
(200 350 110)
(225 350 110)
(250 350 110)
(275 350 110)
(300 350 110)
(325 350 110)
(350 350 110)
(375 350 110)
(400 350 110)
(425 350 110)
(450 350 110)
(475 350 110)
(500 350 110)
(0 400 110)
(25 400 110)
(50 400 110)
(75 400 110)
(100 400 110)
(125 400 110)
(150 400 110)
(175 400 110)
(200 400 110)
(225 400 110)
(250 400 110)
(275 400 110)
(300 400 110)
(325 400 110)
(350 400 110)
(375 400 110)
(400 400 110)
(425 400 110)
(450 400 110)
(475 400 110)
(500 400 110)
(0 450 110)
(25 450 110)
(50 450 110)
(75 450 110)
(100 450 110)
(125 450 110)
(150 450 110)
(175 450 110)
(200 450 110)
(225 450 110)
(250 450 110)
(275 450 110)
(300 450 110)
(325 450 110)
(350 450 110)
(375 450 110)
(400 450 110)
(425 450 110)
(450 450 110)
(475 450 110)
(500 450 110)
(0 500 110)
(25 500 110)
(50 500 110)
(75 500 110)
(100 500 110)
(125 500 110)
(150 500 110)
(175 500 110)
(200 500 110)
(225 500 110)
(250 500 110)
(275 500 110)
(300 500 110)
(325 500 110)
(350 500 110)
(375 500 110)
(400 500 110)
(425 500 110)
(450 500 110)
(475 500 110)
(500 500 110)
(0 0 120)
(25 0 120)
(50 0 120)
(75 0 120)
(100 0 120)
(125 0 120)
(150 0 120)
(175 0 120)
(200 0 120)
(225 0 120)
(250 0 120)
(275 0 120)
(300 0 120)
(325 0 120)
(350 0 120)
(375 0 120)
(400 0 120)
(425 0 120)
(450 0 120)
(475 0 120)
(500 0 120)
(0 50 120)
(25 50 120)
(50 50 120)
(75 50 120)
(100 50 120)
(125 50 120)
(150 50 120)
(175 50 120)
(200 50 120)
(225 50 120)
(250 50 120)
(275 50 120)
(300 50 120)
(325 50 120)
(350 50 120)
(375 50 120)
(400 50 120)
(425 50 120)
(450 50 120)
(475 50 120)
(500 50 120)
(0 100 120)
(25 100 120)
(50 100 120)
(75 100 120)
(100 100 120)
(125 100 120)
(150 100 120)
(175 100 120)
(200 100 120)
(225 100 120)
(250 100 120)
(275 100 120)
(300 100 120)
(325 100 120)
(350 100 120)
(375 100 120)
(400 100 120)
(425 100 120)
(450 100 120)
(475 100 120)
(500 100 120)
(0 150 120)
(25 150 120)
(50 150 120)
(75 150 120)
(100 150 120)
(125 150 120)
(150 150 120)
(175 150 120)
(200 150 120)
(225 150 120)
(250 150 120)
(275 150 120)
(300 150 120)
(325 150 120)
(350 150 120)
(375 150 120)
(400 150 120)
(425 150 120)
(450 150 120)
(475 150 120)
(500 150 120)
(0 200 120)
(25 200 120)
(50 200 120)
(75 200 120)
(100 200 120)
(125 200 120)
(150 200 120)
(175 200 120)
(200 200 120)
(225 200 120)
(250 200 120)
(275 200 120)
(300 200 120)
(325 200 120)
(350 200 120)
(375 200 120)
(400 200 120)
(425 200 120)
(450 200 120)
(475 200 120)
(500 200 120)
(0 250 120)
(25 250 120)
(50 250 120)
(75 250 120)
(100 250 120)
(125 250 120)
(150 250 120)
(175 250 120)
(200 250 120)
(225 250 120)
(250 250 120)
(275 250 120)
(300 250 120)
(325 250 120)
(350 250 120)
(375 250 120)
(400 250 120)
(425 250 120)
(450 250 120)
(475 250 120)
(500 250 120)
(0 300 120)
(25 300 120)
(50 300 120)
(75 300 120)
(100 300 120)
(125 300 120)
(150 300 120)
(175 300 120)
(200 300 120)
(225 300 120)
(250 300 120)
(275 300 120)
(300 300 120)
(325 300 120)
(350 300 120)
(375 300 120)
(400 300 120)
(425 300 120)
(450 300 120)
(475 300 120)
(500 300 120)
(0 350 120)
(25 350 120)
(50 350 120)
(75 350 120)
(100 350 120)
(125 350 120)
(150 350 120)
(175 350 120)
(200 350 120)
(225 350 120)
(250 350 120)
(275 350 120)
(300 350 120)
(325 350 120)
(350 350 120)
(375 350 120)
(400 350 120)
(425 350 120)
(450 350 120)
(475 350 120)
(500 350 120)
(0 400 120)
(25 400 120)
(50 400 120)
(75 400 120)
(100 400 120)
(125 400 120)
(150 400 120)
(175 400 120)
(200 400 120)
(225 400 120)
(250 400 120)
(275 400 120)
(300 400 120)
(325 400 120)
(350 400 120)
(375 400 120)
(400 400 120)
(425 400 120)
(450 400 120)
(475 400 120)
(500 400 120)
(0 450 120)
(25 450 120)
(50 450 120)
(75 450 120)
(100 450 120)
(125 450 120)
(150 450 120)
(175 450 120)
(200 450 120)
(225 450 120)
(250 450 120)
(275 450 120)
(300 450 120)
(325 450 120)
(350 450 120)
(375 450 120)
(400 450 120)
(425 450 120)
(450 450 120)
(475 450 120)
(500 450 120)
(0 500 120)
(25 500 120)
(50 500 120)
(75 500 120)
(100 500 120)
(125 500 120)
(150 500 120)
(175 500 120)
(200 500 120)
(225 500 120)
(250 500 120)
(275 500 120)
(300 500 120)
(325 500 120)
(350 500 120)
(375 500 120)
(400 500 120)
(425 500 120)
(450 500 120)
(475 500 120)
(500 500 120)
(0 0 130)
(25 0 130)
(50 0 130)
(75 0 130)
(100 0 130)
(125 0 130)
(150 0 130)
(175 0 130)
(200 0 130)
(225 0 130)
(250 0 130)
(275 0 130)
(300 0 130)
(325 0 130)
(350 0 130)
(375 0 130)
(400 0 130)
(425 0 130)
(450 0 130)
(475 0 130)
(500 0 130)
(0 50 130)
(25 50 130)
(50 50 130)
(75 50 130)
(100 50 130)
(125 50 130)
(150 50 130)
(175 50 130)
(200 50 130)
(225 50 130)
(250 50 130)
(275 50 130)
(300 50 130)
(325 50 130)
(350 50 130)
(375 50 130)
(400 50 130)
(425 50 130)
(450 50 130)
(475 50 130)
(500 50 130)
(0 100 130)
(25 100 130)
(50 100 130)
(75 100 130)
(100 100 130)
(125 100 130)
(150 100 130)
(175 100 130)
(200 100 130)
(225 100 130)
(250 100 130)
(275 100 130)
(300 100 130)
(325 100 130)
(350 100 130)
(375 100 130)
(400 100 130)
(425 100 130)
(450 100 130)
(475 100 130)
(500 100 130)
(0 150 130)
(25 150 130)
(50 150 130)
(75 150 130)
(100 150 130)
(125 150 130)
(150 150 130)
(175 150 130)
(200 150 130)
(225 150 130)
(250 150 130)
(275 150 130)
(300 150 130)
(325 150 130)
(350 150 130)
(375 150 130)
(400 150 130)
(425 150 130)
(450 150 130)
(475 150 130)
(500 150 130)
(0 200 130)
(25 200 130)
(50 200 130)
(75 200 130)
(100 200 130)
(125 200 130)
(150 200 130)
(175 200 130)
(200 200 130)
(225 200 130)
(250 200 130)
(275 200 130)
(300 200 130)
(325 200 130)
(350 200 130)
(375 200 130)
(400 200 130)
(425 200 130)
(450 200 130)
(475 200 130)
(500 200 130)
(0 250 130)
(25 250 130)
(50 250 130)
(75 250 130)
(100 250 130)
(125 250 130)
(150 250 130)
(175 250 130)
(200 250 130)
(225 250 130)
(250 250 130)
(275 250 130)
(300 250 130)
(325 250 130)
(350 250 130)
(375 250 130)
(400 250 130)
(425 250 130)
(450 250 130)
(475 250 130)
(500 250 130)
(0 300 130)
(25 300 130)
(50 300 130)
(75 300 130)
(100 300 130)
(125 300 130)
(150 300 130)
(175 300 130)
(200 300 130)
(225 300 130)
(250 300 130)
(275 300 130)
(300 300 130)
(325 300 130)
(350 300 130)
(375 300 130)
(400 300 130)
(425 300 130)
(450 300 130)
(475 300 130)
(500 300 130)
(0 350 130)
(25 350 130)
(50 350 130)
(75 350 130)
(100 350 130)
(125 350 130)
(150 350 130)
(175 350 130)
(200 350 130)
(225 350 130)
(250 350 130)
(275 350 130)
(300 350 130)
(325 350 130)
(350 350 130)
(375 350 130)
(400 350 130)
(425 350 130)
(450 350 130)
(475 350 130)
(500 350 130)
(0 400 130)
(25 400 130)
(50 400 130)
(75 400 130)
(100 400 130)
(125 400 130)
(150 400 130)
(175 400 130)
(200 400 130)
(225 400 130)
(250 400 130)
(275 400 130)
(300 400 130)
(325 400 130)
(350 400 130)
(375 400 130)
(400 400 130)
(425 400 130)
(450 400 130)
(475 400 130)
(500 400 130)
(0 450 130)
(25 450 130)
(50 450 130)
(75 450 130)
(100 450 130)
(125 450 130)
(150 450 130)
(175 450 130)
(200 450 130)
(225 450 130)
(250 450 130)
(275 450 130)
(300 450 130)
(325 450 130)
(350 450 130)
(375 450 130)
(400 450 130)
(425 450 130)
(450 450 130)
(475 450 130)
(500 450 130)
(0 500 130)
(25 500 130)
(50 500 130)
(75 500 130)
(100 500 130)
(125 500 130)
(150 500 130)
(175 500 130)
(200 500 130)
(225 500 130)
(250 500 130)
(275 500 130)
(300 500 130)
(325 500 130)
(350 500 130)
(375 500 130)
(400 500 130)
(425 500 130)
(450 500 130)
(475 500 130)
(500 500 130)
(0 0 140)
(25 0 140)
(50 0 140)
(75 0 140)
(100 0 140)
(125 0 140)
(150 0 140)
(175 0 140)
(200 0 140)
(225 0 140)
(250 0 140)
(275 0 140)
(300 0 140)
(325 0 140)
(350 0 140)
(375 0 140)
(400 0 140)
(425 0 140)
(450 0 140)
(475 0 140)
(500 0 140)
(0 50 140)
(25 50 140)
(50 50 140)
(75 50 140)
(100 50 140)
(125 50 140)
(150 50 140)
(175 50 140)
(200 50 140)
(225 50 140)
(250 50 140)
(275 50 140)
(300 50 140)
(325 50 140)
(350 50 140)
(375 50 140)
(400 50 140)
(425 50 140)
(450 50 140)
(475 50 140)
(500 50 140)
(0 100 140)
(25 100 140)
(50 100 140)
(75 100 140)
(100 100 140)
(125 100 140)
(150 100 140)
(175 100 140)
(200 100 140)
(225 100 140)
(250 100 140)
(275 100 140)
(300 100 140)
(325 100 140)
(350 100 140)
(375 100 140)
(400 100 140)
(425 100 140)
(450 100 140)
(475 100 140)
(500 100 140)
(0 150 140)
(25 150 140)
(50 150 140)
(75 150 140)
(100 150 140)
(125 150 140)
(150 150 140)
(175 150 140)
(200 150 140)
(225 150 140)
(250 150 140)
(275 150 140)
(300 150 140)
(325 150 140)
(350 150 140)
(375 150 140)
(400 150 140)
(425 150 140)
(450 150 140)
(475 150 140)
(500 150 140)
(0 200 140)
(25 200 140)
(50 200 140)
(75 200 140)
(100 200 140)
(125 200 140)
(150 200 140)
(175 200 140)
(200 200 140)
(225 200 140)
(250 200 140)
(275 200 140)
(300 200 140)
(325 200 140)
(350 200 140)
(375 200 140)
(400 200 140)
(425 200 140)
(450 200 140)
(475 200 140)
(500 200 140)
(0 250 140)
(25 250 140)
(50 250 140)
(75 250 140)
(100 250 140)
(125 250 140)
(150 250 140)
(175 250 140)
(200 250 140)
(225 250 140)
(250 250 140)
(275 250 140)
(300 250 140)
(325 250 140)
(350 250 140)
(375 250 140)
(400 250 140)
(425 250 140)
(450 250 140)
(475 250 140)
(500 250 140)
(0 300 140)
(25 300 140)
(50 300 140)
(75 300 140)
(100 300 140)
(125 300 140)
(150 300 140)
(175 300 140)
(200 300 140)
(225 300 140)
(250 300 140)
(275 300 140)
(300 300 140)
(325 300 140)
(350 300 140)
(375 300 140)
(400 300 140)
(425 300 140)
(450 300 140)
(475 300 140)
(500 300 140)
(0 350 140)
(25 350 140)
(50 350 140)
(75 350 140)
(100 350 140)
(125 350 140)
(150 350 140)
(175 350 140)
(200 350 140)
(225 350 140)
(250 350 140)
(275 350 140)
(300 350 140)
(325 350 140)
(350 350 140)
(375 350 140)
(400 350 140)
(425 350 140)
(450 350 140)
(475 350 140)
(500 350 140)
(0 400 140)
(25 400 140)
(50 400 140)
(75 400 140)
(100 400 140)
(125 400 140)
(150 400 140)
(175 400 140)
(200 400 140)
(225 400 140)
(250 400 140)
(275 400 140)
(300 400 140)
(325 400 140)
(350 400 140)
(375 400 140)
(400 400 140)
(425 400 140)
(450 400 140)
(475 400 140)
(500 400 140)
(0 450 140)
(25 450 140)
(50 450 140)
(75 450 140)
(100 450 140)
(125 450 140)
(150 450 140)
(175 450 140)
(200 450 140)
(225 450 140)
(250 450 140)
(275 450 140)
(300 450 140)
(325 450 140)
(350 450 140)
(375 450 140)
(400 450 140)
(425 450 140)
(450 450 140)
(475 450 140)
(500 450 140)
(0 500 140)
(25 500 140)
(50 500 140)
(75 500 140)
(100 500 140)
(125 500 140)
(150 500 140)
(175 500 140)
(200 500 140)
(225 500 140)
(250 500 140)
(275 500 140)
(300 500 140)
(325 500 140)
(350 500 140)
(375 500 140)
(400 500 140)
(425 500 140)
(450 500 140)
(475 500 140)
(500 500 140)
(0 0 150)
(25 0 150)
(50 0 150)
(75 0 150)
(100 0 150)
(125 0 150)
(150 0 150)
(175 0 150)
(200 0 150)
(225 0 150)
(250 0 150)
(275 0 150)
(300 0 150)
(325 0 150)
(350 0 150)
(375 0 150)
(400 0 150)
(425 0 150)
(450 0 150)
(475 0 150)
(500 0 150)
(0 50 150)
(25 50 150)
(50 50 150)
(75 50 150)
(100 50 150)
(125 50 150)
(150 50 150)
(175 50 150)
(200 50 150)
(225 50 150)
(250 50 150)
(275 50 150)
(300 50 150)
(325 50 150)
(350 50 150)
(375 50 150)
(400 50 150)
(425 50 150)
(450 50 150)
(475 50 150)
(500 50 150)
(0 100 150)
(25 100 150)
(50 100 150)
(75 100 150)
(100 100 150)
(125 100 150)
(150 100 150)
(175 100 150)
(200 100 150)
(225 100 150)
(250 100 150)
(275 100 150)
(300 100 150)
(325 100 150)
(350 100 150)
(375 100 150)
(400 100 150)
(425 100 150)
(450 100 150)
(475 100 150)
(500 100 150)
(0 150 150)
(25 150 150)
(50 150 150)
(75 150 150)
(100 150 150)
(125 150 150)
(150 150 150)
(175 150 150)
(200 150 150)
(225 150 150)
(250 150 150)
(275 150 150)
(300 150 150)
(325 150 150)
(350 150 150)
(375 150 150)
(400 150 150)
(425 150 150)
(450 150 150)
(475 150 150)
(500 150 150)
(0 200 150)
(25 200 150)
(50 200 150)
(75 200 150)
(100 200 150)
(125 200 150)
(150 200 150)
(175 200 150)
(200 200 150)
(225 200 150)
(250 200 150)
(275 200 150)
(300 200 150)
(325 200 150)
(350 200 150)
(375 200 150)
(400 200 150)
(425 200 150)
(450 200 150)
(475 200 150)
(500 200 150)
(0 250 150)
(25 250 150)
(50 250 150)
(75 250 150)
(100 250 150)
(125 250 150)
(150 250 150)
(175 250 150)
(200 250 150)
(225 250 150)
(250 250 150)
(275 250 150)
(300 250 150)
(325 250 150)
(350 250 150)
(375 250 150)
(400 250 150)
(425 250 150)
(450 250 150)
(475 250 150)
(500 250 150)
(0 300 150)
(25 300 150)
(50 300 150)
(75 300 150)
(100 300 150)
(125 300 150)
(150 300 150)
(175 300 150)
(200 300 150)
(225 300 150)
(250 300 150)
(275 300 150)
(300 300 150)
(325 300 150)
(350 300 150)
(375 300 150)
(400 300 150)
(425 300 150)
(450 300 150)
(475 300 150)
(500 300 150)
(0 350 150)
(25 350 150)
(50 350 150)
(75 350 150)
(100 350 150)
(125 350 150)
(150 350 150)
(175 350 150)
(200 350 150)
(225 350 150)
(250 350 150)
(275 350 150)
(300 350 150)
(325 350 150)
(350 350 150)
(375 350 150)
(400 350 150)
(425 350 150)
(450 350 150)
(475 350 150)
(500 350 150)
(0 400 150)
(25 400 150)
(50 400 150)
(75 400 150)
(100 400 150)
(125 400 150)
(150 400 150)
(175 400 150)
(200 400 150)
(225 400 150)
(250 400 150)
(275 400 150)
(300 400 150)
(325 400 150)
(350 400 150)
(375 400 150)
(400 400 150)
(425 400 150)
(450 400 150)
(475 400 150)
(500 400 150)
(0 450 150)
(25 450 150)
(50 450 150)
(75 450 150)
(100 450 150)
(125 450 150)
(150 450 150)
(175 450 150)
(200 450 150)
(225 450 150)
(250 450 150)
(275 450 150)
(300 450 150)
(325 450 150)
(350 450 150)
(375 450 150)
(400 450 150)
(425 450 150)
(450 450 150)
(475 450 150)
(500 450 150)
(0 500 150)
(25 500 150)
(50 500 150)
(75 500 150)
(100 500 150)
(125 500 150)
(150 500 150)
(175 500 150)
(200 500 150)
(225 500 150)
(250 500 150)
(275 500 150)
(300 500 150)
(325 500 150)
(350 500 150)
(375 500 150)
(400 500 150)
(425 500 150)
(450 500 150)
(475 500 150)
(500 500 150)
(0 0 160)
(25 0 160)
(50 0 160)
(75 0 160)
(100 0 160)
(125 0 160)
(150 0 160)
(175 0 160)
(200 0 160)
(225 0 160)
(250 0 160)
(275 0 160)
(300 0 160)
(325 0 160)
(350 0 160)
(375 0 160)
(400 0 160)
(425 0 160)
(450 0 160)
(475 0 160)
(500 0 160)
(0 50 160)
(25 50 160)
(50 50 160)
(75 50 160)
(100 50 160)
(125 50 160)
(150 50 160)
(175 50 160)
(200 50 160)
(225 50 160)
(250 50 160)
(275 50 160)
(300 50 160)
(325 50 160)
(350 50 160)
(375 50 160)
(400 50 160)
(425 50 160)
(450 50 160)
(475 50 160)
(500 50 160)
(0 100 160)
(25 100 160)
(50 100 160)
(75 100 160)
(100 100 160)
(125 100 160)
(150 100 160)
(175 100 160)
(200 100 160)
(225 100 160)
(250 100 160)
(275 100 160)
(300 100 160)
(325 100 160)
(350 100 160)
(375 100 160)
(400 100 160)
(425 100 160)
(450 100 160)
(475 100 160)
(500 100 160)
(0 150 160)
(25 150 160)
(50 150 160)
(75 150 160)
(100 150 160)
(125 150 160)
(150 150 160)
(175 150 160)
(200 150 160)
(225 150 160)
(250 150 160)
(275 150 160)
(300 150 160)
(325 150 160)
(350 150 160)
(375 150 160)
(400 150 160)
(425 150 160)
(450 150 160)
(475 150 160)
(500 150 160)
(0 200 160)
(25 200 160)
(50 200 160)
(75 200 160)
(100 200 160)
(125 200 160)
(150 200 160)
(175 200 160)
(200 200 160)
(225 200 160)
(250 200 160)
(275 200 160)
(300 200 160)
(325 200 160)
(350 200 160)
(375 200 160)
(400 200 160)
(425 200 160)
(450 200 160)
(475 200 160)
(500 200 160)
(0 250 160)
(25 250 160)
(50 250 160)
(75 250 160)
(100 250 160)
(125 250 160)
(150 250 160)
(175 250 160)
(200 250 160)
(225 250 160)
(250 250 160)
(275 250 160)
(300 250 160)
(325 250 160)
(350 250 160)
(375 250 160)
(400 250 160)
(425 250 160)
(450 250 160)
(475 250 160)
(500 250 160)
(0 300 160)
(25 300 160)
(50 300 160)
(75 300 160)
(100 300 160)
(125 300 160)
(150 300 160)
(175 300 160)
(200 300 160)
(225 300 160)
(250 300 160)
(275 300 160)
(300 300 160)
(325 300 160)
(350 300 160)
(375 300 160)
(400 300 160)
(425 300 160)
(450 300 160)
(475 300 160)
(500 300 160)
(0 350 160)
(25 350 160)
(50 350 160)
(75 350 160)
(100 350 160)
(125 350 160)
(150 350 160)
(175 350 160)
(200 350 160)
(225 350 160)
(250 350 160)
(275 350 160)
(300 350 160)
(325 350 160)
(350 350 160)
(375 350 160)
(400 350 160)
(425 350 160)
(450 350 160)
(475 350 160)
(500 350 160)
(0 400 160)
(25 400 160)
(50 400 160)
(75 400 160)
(100 400 160)
(125 400 160)
(150 400 160)
(175 400 160)
(200 400 160)
(225 400 160)
(250 400 160)
(275 400 160)
(300 400 160)
(325 400 160)
(350 400 160)
(375 400 160)
(400 400 160)
(425 400 160)
(450 400 160)
(475 400 160)
(500 400 160)
(0 450 160)
(25 450 160)
(50 450 160)
(75 450 160)
(100 450 160)
(125 450 160)
(150 450 160)
(175 450 160)
(200 450 160)
(225 450 160)
(250 450 160)
(275 450 160)
(300 450 160)
(325 450 160)
(350 450 160)
(375 450 160)
(400 450 160)
(425 450 160)
(450 450 160)
(475 450 160)
(500 450 160)
(0 500 160)
(25 500 160)
(50 500 160)
(75 500 160)
(100 500 160)
(125 500 160)
(150 500 160)
(175 500 160)
(200 500 160)
(225 500 160)
(250 500 160)
(275 500 160)
(300 500 160)
(325 500 160)
(350 500 160)
(375 500 160)
(400 500 160)
(425 500 160)
(450 500 160)
(475 500 160)
(500 500 160)
(0 0 170)
(25 0 170)
(50 0 170)
(75 0 170)
(100 0 170)
(125 0 170)
(150 0 170)
(175 0 170)
(200 0 170)
(225 0 170)
(250 0 170)
(275 0 170)
(300 0 170)
(325 0 170)
(350 0 170)
(375 0 170)
(400 0 170)
(425 0 170)
(450 0 170)
(475 0 170)
(500 0 170)
(0 50 170)
(25 50 170)
(50 50 170)
(75 50 170)
(100 50 170)
(125 50 170)
(150 50 170)
(175 50 170)
(200 50 170)
(225 50 170)
(250 50 170)
(275 50 170)
(300 50 170)
(325 50 170)
(350 50 170)
(375 50 170)
(400 50 170)
(425 50 170)
(450 50 170)
(475 50 170)
(500 50 170)
(0 100 170)
(25 100 170)
(50 100 170)
(75 100 170)
(100 100 170)
(125 100 170)
(150 100 170)
(175 100 170)
(200 100 170)
(225 100 170)
(250 100 170)
(275 100 170)
(300 100 170)
(325 100 170)
(350 100 170)
(375 100 170)
(400 100 170)
(425 100 170)
(450 100 170)
(475 100 170)
(500 100 170)
(0 150 170)
(25 150 170)
(50 150 170)
(75 150 170)
(100 150 170)
(125 150 170)
(150 150 170)
(175 150 170)
(200 150 170)
(225 150 170)
(250 150 170)
(275 150 170)
(300 150 170)
(325 150 170)
(350 150 170)
(375 150 170)
(400 150 170)
(425 150 170)
(450 150 170)
(475 150 170)
(500 150 170)
(0 200 170)
(25 200 170)
(50 200 170)
(75 200 170)
(100 200 170)
(125 200 170)
(150 200 170)
(175 200 170)
(200 200 170)
(225 200 170)
(250 200 170)
(275 200 170)
(300 200 170)
(325 200 170)
(350 200 170)
(375 200 170)
(400 200 170)
(425 200 170)
(450 200 170)
(475 200 170)
(500 200 170)
(0 250 170)
(25 250 170)
(50 250 170)
(75 250 170)
(100 250 170)
(125 250 170)
(150 250 170)
(175 250 170)
(200 250 170)
(225 250 170)
(250 250 170)
(275 250 170)
(300 250 170)
(325 250 170)
(350 250 170)
(375 250 170)
(400 250 170)
(425 250 170)
(450 250 170)
(475 250 170)
(500 250 170)
(0 300 170)
(25 300 170)
(50 300 170)
(75 300 170)
(100 300 170)
(125 300 170)
(150 300 170)
(175 300 170)
(200 300 170)
(225 300 170)
(250 300 170)
(275 300 170)
(300 300 170)
(325 300 170)
(350 300 170)
(375 300 170)
(400 300 170)
(425 300 170)
(450 300 170)
(475 300 170)
(500 300 170)
(0 350 170)
(25 350 170)
(50 350 170)
(75 350 170)
(100 350 170)
(125 350 170)
(150 350 170)
(175 350 170)
(200 350 170)
(225 350 170)
(250 350 170)
(275 350 170)
(300 350 170)
(325 350 170)
(350 350 170)
(375 350 170)
(400 350 170)
(425 350 170)
(450 350 170)
(475 350 170)
(500 350 170)
(0 400 170)
(25 400 170)
(50 400 170)
(75 400 170)
(100 400 170)
(125 400 170)
(150 400 170)
(175 400 170)
(200 400 170)
(225 400 170)
(250 400 170)
(275 400 170)
(300 400 170)
(325 400 170)
(350 400 170)
(375 400 170)
(400 400 170)
(425 400 170)
(450 400 170)
(475 400 170)
(500 400 170)
(0 450 170)
(25 450 170)
(50 450 170)
(75 450 170)
(100 450 170)
(125 450 170)
(150 450 170)
(175 450 170)
(200 450 170)
(225 450 170)
(250 450 170)
(275 450 170)
(300 450 170)
(325 450 170)
(350 450 170)
(375 450 170)
(400 450 170)
(425 450 170)
(450 450 170)
(475 450 170)
(500 450 170)
(0 500 170)
(25 500 170)
(50 500 170)
(75 500 170)
(100 500 170)
(125 500 170)
(150 500 170)
(175 500 170)
(200 500 170)
(225 500 170)
(250 500 170)
(275 500 170)
(300 500 170)
(325 500 170)
(350 500 170)
(375 500 170)
(400 500 170)
(425 500 170)
(450 500 170)
(475 500 170)
(500 500 170)
(0 0 180)
(25 0 180)
(50 0 180)
(75 0 180)
(100 0 180)
(125 0 180)
(150 0 180)
(175 0 180)
(200 0 180)
(225 0 180)
(250 0 180)
(275 0 180)
(300 0 180)
(325 0 180)
(350 0 180)
(375 0 180)
(400 0 180)
(425 0 180)
(450 0 180)
(475 0 180)
(500 0 180)
(0 50 180)
(25 50 180)
(50 50 180)
(75 50 180)
(100 50 180)
(125 50 180)
(150 50 180)
(175 50 180)
(200 50 180)
(225 50 180)
(250 50 180)
(275 50 180)
(300 50 180)
(325 50 180)
(350 50 180)
(375 50 180)
(400 50 180)
(425 50 180)
(450 50 180)
(475 50 180)
(500 50 180)
(0 100 180)
(25 100 180)
(50 100 180)
(75 100 180)
(100 100 180)
(125 100 180)
(150 100 180)
(175 100 180)
(200 100 180)
(225 100 180)
(250 100 180)
(275 100 180)
(300 100 180)
(325 100 180)
(350 100 180)
(375 100 180)
(400 100 180)
(425 100 180)
(450 100 180)
(475 100 180)
(500 100 180)
(0 150 180)
(25 150 180)
(50 150 180)
(75 150 180)
(100 150 180)
(125 150 180)
(150 150 180)
(175 150 180)
(200 150 180)
(225 150 180)
(250 150 180)
(275 150 180)
(300 150 180)
(325 150 180)
(350 150 180)
(375 150 180)
(400 150 180)
(425 150 180)
(450 150 180)
(475 150 180)
(500 150 180)
(0 200 180)
(25 200 180)
(50 200 180)
(75 200 180)
(100 200 180)
(125 200 180)
(150 200 180)
(175 200 180)
(200 200 180)
(225 200 180)
(250 200 180)
(275 200 180)
(300 200 180)
(325 200 180)
(350 200 180)
(375 200 180)
(400 200 180)
(425 200 180)
(450 200 180)
(475 200 180)
(500 200 180)
(0 250 180)
(25 250 180)
(50 250 180)
(75 250 180)
(100 250 180)
(125 250 180)
(150 250 180)
(175 250 180)
(200 250 180)
(225 250 180)
(250 250 180)
(275 250 180)
(300 250 180)
(325 250 180)
(350 250 180)
(375 250 180)
(400 250 180)
(425 250 180)
(450 250 180)
(475 250 180)
(500 250 180)
(0 300 180)
(25 300 180)
(50 300 180)
(75 300 180)
(100 300 180)
(125 300 180)
(150 300 180)
(175 300 180)
(200 300 180)
(225 300 180)
(250 300 180)
(275 300 180)
(300 300 180)
(325 300 180)
(350 300 180)
(375 300 180)
(400 300 180)
(425 300 180)
(450 300 180)
(475 300 180)
(500 300 180)
(0 350 180)
(25 350 180)
(50 350 180)
(75 350 180)
(100 350 180)
(125 350 180)
(150 350 180)
(175 350 180)
(200 350 180)
(225 350 180)
(250 350 180)
(275 350 180)
(300 350 180)
(325 350 180)
(350 350 180)
(375 350 180)
(400 350 180)
(425 350 180)
(450 350 180)
(475 350 180)
(500 350 180)
(0 400 180)
(25 400 180)
(50 400 180)
(75 400 180)
(100 400 180)
(125 400 180)
(150 400 180)
(175 400 180)
(200 400 180)
(225 400 180)
(250 400 180)
(275 400 180)
(300 400 180)
(325 400 180)
(350 400 180)
(375 400 180)
(400 400 180)
(425 400 180)
(450 400 180)
(475 400 180)
(500 400 180)
(0 450 180)
(25 450 180)
(50 450 180)
(75 450 180)
(100 450 180)
(125 450 180)
(150 450 180)
(175 450 180)
(200 450 180)
(225 450 180)
(250 450 180)
(275 450 180)
(300 450 180)
(325 450 180)
(350 450 180)
(375 450 180)
(400 450 180)
(425 450 180)
(450 450 180)
(475 450 180)
(500 450 180)
(0 500 180)
(25 500 180)
(50 500 180)
(75 500 180)
(100 500 180)
(125 500 180)
(150 500 180)
(175 500 180)
(200 500 180)
(225 500 180)
(250 500 180)
(275 500 180)
(300 500 180)
(325 500 180)
(350 500 180)
(375 500 180)
(400 500 180)
(425 500 180)
(450 500 180)
(475 500 180)
(500 500 180)
(0 0 190)
(25 0 190)
(50 0 190)
(75 0 190)
(100 0 190)
(125 0 190)
(150 0 190)
(175 0 190)
(200 0 190)
(225 0 190)
(250 0 190)
(275 0 190)
(300 0 190)
(325 0 190)
(350 0 190)
(375 0 190)
(400 0 190)
(425 0 190)
(450 0 190)
(475 0 190)
(500 0 190)
(0 50 190)
(25 50 190)
(50 50 190)
(75 50 190)
(100 50 190)
(125 50 190)
(150 50 190)
(175 50 190)
(200 50 190)
(225 50 190)
(250 50 190)
(275 50 190)
(300 50 190)
(325 50 190)
(350 50 190)
(375 50 190)
(400 50 190)
(425 50 190)
(450 50 190)
(475 50 190)
(500 50 190)
(0 100 190)
(25 100 190)
(50 100 190)
(75 100 190)
(100 100 190)
(125 100 190)
(150 100 190)
(175 100 190)
(200 100 190)
(225 100 190)
(250 100 190)
(275 100 190)
(300 100 190)
(325 100 190)
(350 100 190)
(375 100 190)
(400 100 190)
(425 100 190)
(450 100 190)
(475 100 190)
(500 100 190)
(0 150 190)
(25 150 190)
(50 150 190)
(75 150 190)
(100 150 190)
(125 150 190)
(150 150 190)
(175 150 190)
(200 150 190)
(225 150 190)
(250 150 190)
(275 150 190)
(300 150 190)
(325 150 190)
(350 150 190)
(375 150 190)
(400 150 190)
(425 150 190)
(450 150 190)
(475 150 190)
(500 150 190)
(0 200 190)
(25 200 190)
(50 200 190)
(75 200 190)
(100 200 190)
(125 200 190)
(150 200 190)
(175 200 190)
(200 200 190)
(225 200 190)
(250 200 190)
(275 200 190)
(300 200 190)
(325 200 190)
(350 200 190)
(375 200 190)
(400 200 190)
(425 200 190)
(450 200 190)
(475 200 190)
(500 200 190)
(0 250 190)
(25 250 190)
(50 250 190)
(75 250 190)
(100 250 190)
(125 250 190)
(150 250 190)
(175 250 190)
(200 250 190)
(225 250 190)
(250 250 190)
(275 250 190)
(300 250 190)
(325 250 190)
(350 250 190)
(375 250 190)
(400 250 190)
(425 250 190)
(450 250 190)
(475 250 190)
(500 250 190)
(0 300 190)
(25 300 190)
(50 300 190)
(75 300 190)
(100 300 190)
(125 300 190)
(150 300 190)
(175 300 190)
(200 300 190)
(225 300 190)
(250 300 190)
(275 300 190)
(300 300 190)
(325 300 190)
(350 300 190)
(375 300 190)
(400 300 190)
(425 300 190)
(450 300 190)
(475 300 190)
(500 300 190)
(0 350 190)
(25 350 190)
(50 350 190)
(75 350 190)
(100 350 190)
(125 350 190)
(150 350 190)
(175 350 190)
(200 350 190)
(225 350 190)
(250 350 190)
(275 350 190)
(300 350 190)
(325 350 190)
(350 350 190)
(375 350 190)
(400 350 190)
(425 350 190)
(450 350 190)
(475 350 190)
(500 350 190)
(0 400 190)
(25 400 190)
(50 400 190)
(75 400 190)
(100 400 190)
(125 400 190)
(150 400 190)
(175 400 190)
(200 400 190)
(225 400 190)
(250 400 190)
(275 400 190)
(300 400 190)
(325 400 190)
(350 400 190)
(375 400 190)
(400 400 190)
(425 400 190)
(450 400 190)
(475 400 190)
(500 400 190)
(0 450 190)
(25 450 190)
(50 450 190)
(75 450 190)
(100 450 190)
(125 450 190)
(150 450 190)
(175 450 190)
(200 450 190)
(225 450 190)
(250 450 190)
(275 450 190)
(300 450 190)
(325 450 190)
(350 450 190)
(375 450 190)
(400 450 190)
(425 450 190)
(450 450 190)
(475 450 190)
(500 450 190)
(0 500 190)
(25 500 190)
(50 500 190)
(75 500 190)
(100 500 190)
(125 500 190)
(150 500 190)
(175 500 190)
(200 500 190)
(225 500 190)
(250 500 190)
(275 500 190)
(300 500 190)
(325 500 190)
(350 500 190)
(375 500 190)
(400 500 190)
(425 500 190)
(450 500 190)
(475 500 190)
(500 500 190)
(0 0 200)
(25 0 200)
(50 0 200)
(75 0 200)
(100 0 200)
(125 0 200)
(150 0 200)
(175 0 200)
(200 0 200)
(225 0 200)
(250 0 200)
(275 0 200)
(300 0 200)
(325 0 200)
(350 0 200)
(375 0 200)
(400 0 200)
(425 0 200)
(450 0 200)
(475 0 200)
(500 0 200)
(0 50 200)
(25 50 200)
(50 50 200)
(75 50 200)
(100 50 200)
(125 50 200)
(150 50 200)
(175 50 200)
(200 50 200)
(225 50 200)
(250 50 200)
(275 50 200)
(300 50 200)
(325 50 200)
(350 50 200)
(375 50 200)
(400 50 200)
(425 50 200)
(450 50 200)
(475 50 200)
(500 50 200)
(0 100 200)
(25 100 200)
(50 100 200)
(75 100 200)
(100 100 200)
(125 100 200)
(150 100 200)
(175 100 200)
(200 100 200)
(225 100 200)
(250 100 200)
(275 100 200)
(300 100 200)
(325 100 200)
(350 100 200)
(375 100 200)
(400 100 200)
(425 100 200)
(450 100 200)
(475 100 200)
(500 100 200)
(0 150 200)
(25 150 200)
(50 150 200)
(75 150 200)
(100 150 200)
(125 150 200)
(150 150 200)
(175 150 200)
(200 150 200)
(225 150 200)
(250 150 200)
(275 150 200)
(300 150 200)
(325 150 200)
(350 150 200)
(375 150 200)
(400 150 200)
(425 150 200)
(450 150 200)
(475 150 200)
(500 150 200)
(0 200 200)
(25 200 200)
(50 200 200)
(75 200 200)
(100 200 200)
(125 200 200)
(150 200 200)
(175 200 200)
(200 200 200)
(225 200 200)
(250 200 200)
(275 200 200)
(300 200 200)
(325 200 200)
(350 200 200)
(375 200 200)
(400 200 200)
(425 200 200)
(450 200 200)
(475 200 200)
(500 200 200)
(0 250 200)
(25 250 200)
(50 250 200)
(75 250 200)
(100 250 200)
(125 250 200)
(150 250 200)
(175 250 200)
(200 250 200)
(225 250 200)
(250 250 200)
(275 250 200)
(300 250 200)
(325 250 200)
(350 250 200)
(375 250 200)
(400 250 200)
(425 250 200)
(450 250 200)
(475 250 200)
(500 250 200)
(0 300 200)
(25 300 200)
(50 300 200)
(75 300 200)
(100 300 200)
(125 300 200)
(150 300 200)
(175 300 200)
(200 300 200)
(225 300 200)
(250 300 200)
(275 300 200)
(300 300 200)
(325 300 200)
(350 300 200)
(375 300 200)
(400 300 200)
(425 300 200)
(450 300 200)
(475 300 200)
(500 300 200)
(0 350 200)
(25 350 200)
(50 350 200)
(75 350 200)
(100 350 200)
(125 350 200)
(150 350 200)
(175 350 200)
(200 350 200)
(225 350 200)
(250 350 200)
(275 350 200)
(300 350 200)
(325 350 200)
(350 350 200)
(375 350 200)
(400 350 200)
(425 350 200)
(450 350 200)
(475 350 200)
(500 350 200)
(0 400 200)
(25 400 200)
(50 400 200)
(75 400 200)
(100 400 200)
(125 400 200)
(150 400 200)
(175 400 200)
(200 400 200)
(225 400 200)
(250 400 200)
(275 400 200)
(300 400 200)
(325 400 200)
(350 400 200)
(375 400 200)
(400 400 200)
(425 400 200)
(450 400 200)
(475 400 200)
(500 400 200)
(0 450 200)
(25 450 200)
(50 450 200)
(75 450 200)
(100 450 200)
(125 450 200)
(150 450 200)
(175 450 200)
(200 450 200)
(225 450 200)
(250 450 200)
(275 450 200)
(300 450 200)
(325 450 200)
(350 450 200)
(375 450 200)
(400 450 200)
(425 450 200)
(450 450 200)
(475 450 200)
(500 450 200)
(0 500 200)
(25 500 200)
(50 500 200)
(75 500 200)
(100 500 200)
(125 500 200)
(150 500 200)
(175 500 200)
(200 500 200)
(225 500 200)
(250 500 200)
(275 500 200)
(300 500 200)
(325 500 200)
(350 500 200)
(375 500 200)
(400 500 200)
(425 500 200)
(450 500 200)
(475 500 200)
(500 500 200)
)


// ************************************************************************* //
